# conf  d[nm]
0	0.612
1	0.628
2	0.622
3	0.642
4	0.626
5	0.633
6	0.646
7	0.665
8	0.640
9	0.635
10	0.639
11	0.639
12	0.659
13	0.656
14	0.649
15	0.614
16	0.622
17	0.625
18	0.638
19	0.634
20	0.654
21	0.667
22	0.669
23	0.659
24	0.648
25	0.679
26	0.711
27	0.672
28	0.662
29	0.631
30	0.612
31	0.661
32	0.656
33	0.651
34	0.677
35	0.665
36	0.646
37	0.657
38	0.686
39	0.689
40	0.664
41	0.631
42	0.636
43	0.650
44	0.642
45	0.630
46	0.638
47	0.680
48	0.689
49	0.668
50	0.655
51	0.669
52	0.682
53	0.692
54	0.682
55	0.631
56	0.625
57	0.655
58	0.674
59	0.680
60	0.647
61	0.633
62	0.665
63	0.694
64	0.680
65	0.647
66	0.648
67	0.682
68	0.696
69	0.683
70	0.673
71	0.651
72	0.671
73	0.674
74	0.666
75	0.639
76	0.663
77	0.658
78	0.638
79	0.661
80	0.666
81	0.649
82	0.662
83	0.683
84	0.694
85	0.692
86	0.646
87	0.645
88	0.697
89	0.717
90	0.711
91	0.678
92	0.647
93	0.637
94	0.663
95	0.690
96	0.656
97	0.638
98	0.637
99	0.640
100	0.631
101	0.632
102	0.647
103	0.646
104	0.640
105	0.642
106	0.665
107	0.638
108	0.631
109	0.653
110	0.666
111	0.669
112	0.662
113	0.651
114	0.651
115	0.640
116	0.639
117	0.663
118	0.656
119	0.653
120	0.653
121	0.653
122	0.652
123	0.670
124	0.669
125	0.650
126	0.627
127	0.648
128	0.656
129	0.653
130	0.653
131	0.650
132	0.676
133	0.663
134	0.664
135	0.671
136	0.661
137	0.661
138	0.635
139	0.633
140	0.617
141	0.635
142	0.655
143	0.673
144	0.673
145	0.628
146	0.642
147	0.674
148	0.651
149	0.652
150	0.676
151	0.664
152	0.642
153	0.665
154	0.676
155	0.651
156	0.645
157	0.674
158	0.668
159	0.662
160	0.651
161	0.643
162	0.631
163	0.668
164	0.646
165	0.629
166	0.650
167	0.682
168	0.680
169	0.651
170	0.657
171	0.646
172	0.624
173	0.631
174	0.675
175	0.689
176	0.679
177	0.655
178	0.630
179	0.647
180	0.668
181	0.675
182	0.668
183	0.687
184	0.682
185	0.693
186	0.666
187	0.653
188	0.653
189	0.667
190	0.663
191	0.673
192	0.676
193	0.656
194	0.638
195	0.658
196	0.689
197	0.710
198	0.696
199	0.667
200	0.645
201	0.651
202	0.646
203	0.639
204	0.645
205	0.643
206	0.655
207	0.671
208	0.680
209	0.686
210	0.672
211	0.634
212	0.632
213	0.664
214	0.665
215	0.656
216	0.666
217	0.663
218	0.683
219	0.693
220	0.659
221	0.634
222	0.653
223	0.694
224	0.720
225	0.690
226	0.658
227	0.677
228	0.698
229	0.671
230	0.672
231	0.695
232	0.686
233	0.657
234	0.648
235	0.677
236	0.680
237	0.673
238	0.681
239	0.648
240	0.657
241	0.680
242	0.660
243	0.639
244	0.663
245	0.705
246	0.697
247	0.661
248	0.626
249	0.642
250	0.711
251	0.749
252	0.736
253	0.680
254	0.621
255	0.633
256	0.665
257	0.642
258	0.618
259	0.643
260	0.660
261	0.664
262	0.667
263	0.665
264	0.661
265	0.656
266	0.663
267	0.667
268	0.683
269	0.688
270	0.694
271	0.689
272	0.677
273	0.670
274	0.665
275	0.676
276	0.660
277	0.661
278	0.647
279	0.670
280	0.686
281	0.646
282	0.648
283	0.665
284	0.675
285	0.679
286	0.649
287	0.639
288	0.646
289	0.646
290	0.663
291	0.677
292	0.649
293	0.647
294	0.669
295	0.679
296	0.624
297	0.627
298	0.676
299	0.663
300	0.663
301	0.702
302	0.711
303	0.709
304	0.702
305	0.698
306	0.701
307	0.667
308	0.638
309	0.685
310	0.710
311	0.706
312	0.704
313	0.676
314	0.696
315	0.682
316	0.697
317	0.720
318	0.714
319	0.721
320	0.707
321	0.675
322	0.660
323	0.684
324	0.648
325	0.640
326	0.669
327	0.675
328	0.682
329	0.677
330	0.669
331	0.665
332	0.657
333	0.649
334	0.672
335	0.671
336	0.628
337	0.631
338	0.674
339	0.671
340	0.668
341	0.667
342	0.682
343	0.673
344	0.660
345	0.628
346	0.635
347	0.649
348	0.646
349	0.612
350	0.605
351	0.646
352	0.654
353	0.642
354	0.643
355	0.688
356	0.717
357	0.712
358	0.692
359	0.698
360	0.684
361	0.684
362	0.703
363	0.690
364	0.683
365	0.670
366	0.647
367	0.640
368	0.669
369	0.704
370	0.713
371	0.707
372	0.719
373	0.693
374	0.674
375	0.675
376	0.675
377	0.670
378	0.664
379	0.698
380	0.719
381	0.685
382	0.673
383	0.685
384	0.691
385	0.673
386	0.668
387	0.653
388	0.653
389	0.673
390	0.660
391	0.676
392	0.668
393	0.656
394	0.661
395	0.655
396	0.651
397	0.672
398	0.659
399	0.660
400	0.681
401	0.647
402	0.655
403	0.688
404	0.707
405	0.700
406	0.693
407	0.689
408	0.670
409	0.682
410	0.678
411	0.664
412	0.670
413	0.729
414	0.726
415	0.714
416	0.734
417	0.746
418	0.728
419	0.731
420	0.712
421	0.668
422	0.685
423	0.678
424	0.671
425	0.669
426	0.685
427	0.715
428	0.713
429	0.709
430	0.690
431	0.709
432	0.700
433	0.703
434	0.695
435	0.695
436	0.696
437	0.662
438	0.665
439	0.648
440	0.651
441	0.653
442	0.655
443	0.662
444	0.679
445	0.723
446	0.682
447	0.654
448	0.696
449	0.709
450	0.694
451	0.659
452	0.697
453	0.704
454	0.672
455	0.660
456	0.644
457	0.651
458	0.685
459	0.686
460	0.704
461	0.711
462	0.705
463	0.676
464	0.665
465	0.668
466	0.702
467	0.714
468	0.707
469	0.709
470	0.707
471	0.677
472	0.661
473	0.696
474	0.698
475	0.704
476	0.720
477	0.736
478	0.721
479	0.682
480	0.660
481	0.669
482	0.689
483	0.667
484	0.676
485	0.691
486	0.672
487	0.661
488	0.684
489	0.682
490	0.699
491	0.742
492	0.757
493	0.726
494	0.714
495	0.726
496	0.751
497	0.748
498	0.749
499	0.732
500	0.707
501	0.684
502	0.683
503	0.714
504	0.732
505	0.729
506	0.706
507	0.679
508	0.701
509	0.748
510	0.761
511	0.735
512	0.713
513	0.721
514	0.725
515	0.713
516	0.706
517	0.703
518	0.700
519	0.716
520	0.736
521	0.773
522	0.796
523	0.740
524	0.689
525	0.681
526	0.713
527	0.796
528	0.805
529	0.783
530	0.740
531	0.714
532	0.714
533	0.728
534	0.722
535	0.738
536	0.783
537	0.801
538	0.766
539	0.733
540	0.719
541	0.740
542	0.732
543	0.738
544	0.748
545	0.727
546	0.668
547	0.676
548	0.707
549	0.736
550	0.763
551	0.750
552	0.733
553	0.734
554	0.720
555	0.717
556	0.718
557	0.729
558	0.751
559	0.764
560	0.735
561	0.701
562	0.700
563	0.708
564	0.726
565	0.751
566	0.763
567	0.745
568	0.731
569	0.733
570	0.727
571	0.724
572	0.758
573	0.791
574	0.805
575	0.798
576	0.744
577	0.737
578	0.724
579	0.734
580	0.785
581	0.779
582	0.740
583	0.723
584	0.715
585	0.741
586	0.744
587	0.732
588	0.740
589	0.724
590	0.731
591	0.764
592	0.741
593	0.716
594	0.710
595	0.730
596	0.743
597	0.705
598	0.672
599	0.655
600	0.685
601	0.729
602	0.730
603	0.739
604	0.779
605	0.795
606	0.791
607	0.763
608	0.748
609	0.727
610	0.698
611	0.690
612	0.698
613	0.728
614	0.743
615	0.780
616	0.786
617	0.780
618	0.770
619	0.771
620	0.752
621	0.714
622	0.698
623	0.724
624	0.719
625	0.721
626	0.741
627	0.742
628	0.724
629	0.704
630	0.696
631	0.741
632	0.796
633	0.860
634	0.860
635	0.837
636	0.846
637	0.848
638	0.838
639	0.808
640	0.799
641	0.798
642	0.801
643	0.805
644	0.797
645	0.786
646	0.795
647	0.803
648	0.805
649	0.820
650	0.842
651	0.837
652	0.824
653	0.810
654	0.810
655	0.779
656	0.754
657	0.725
658	0.710
659	0.748
660	0.801
661	0.810
662	0.778
663	0.749
664	0.756
665	0.785
666	0.787
667	0.770
668	0.781
669	0.805
670	0.794
671	0.777
672	0.796
673	0.791
674	0.764
675	0.782
676	0.801
677	0.797
678	0.786
679	0.760
680	0.721
681	0.700
682	0.683
683	0.685
684	0.670
685	0.736
686	0.802
687	0.827
688	0.836
689	0.817
690	0.789
691	0.774
692	0.753
693	0.731
694	0.723
695	0.722
696	0.695
697	0.722
698	0.753
699	0.739
700	0.723
701	0.739
702	0.744
703	0.744
704	0.743
705	0.717
706	0.717
707	0.740
708	0.709
709	0.720
710	0.766
711	0.786
712	0.779
713	0.776
714	0.788
715	0.784
716	0.807
717	0.828
718	0.806
719	0.767
720	0.735
721	0.729
722	0.720
723	0.727
724	0.735
725	0.719
726	0.695
727	0.708
728	0.730
729	0.714
730	0.720
731	0.721
732	0.709
733	0.705
734	0.698
735	0.706
736	0.723
737	0.750
738	0.791
739	0.775
740	0.766
741	0.755
742	0.744
743	0.754
744	0.795
745	0.815
746	0.804
747	0.830
748	0.856
749	0.853
750	0.819
751	0.786
752	0.778
753	0.773
754	0.790
755	0.814
756	0.790
757	0.782
758	0.787
759	0.797
760	0.777
761	0.741
762	0.730
763	0.734
764	0.719
765	0.735
766	0.740
767	0.749
768	0.793
769	0.778
770	0.753
771	0.793
772	0.800
773	0.798
774	0.789
775	0.820
776	0.828
777	0.835
778	0.826
779	0.822
780	0.797
781	0.781
782	0.778
783	0.772
784	0.759
785	0.794
786	0.829
787	0.818
788	0.823
789	0.820
790	0.828
791	0.834
792	0.802
793	0.767
794	0.782
795	0.785
796	0.788
797	0.769
798	0.751
799	0.753
800	0.775
801	0.787
802	0.801
803	0.790
804	0.778
805	0.775
806	0.770
807	0.768
808	0.758
809	0.787
810	0.803
811	0.800
812	0.792
813	0.775
814	0.773
815	0.754
816	0.739
817	0.750
818	0.786
819	0.814
820	0.821
821	0.808
822	0.781
823	0.753
824	0.780
825	0.806
826	0.818
827	0.822
828	0.828
829	0.791
830	0.749
831	0.726
832	0.753
833	0.781
834	0.759
835	0.762
836	0.790
837	0.774
838	0.767
839	0.761
840	0.770
841	0.787
842	0.804
843	0.794
844	0.781
845	0.775
846	0.792
847	0.806
848	0.823
849	0.804
850	0.796
851	0.815
852	0.842
853	0.839
854	0.862
855	0.830
856	0.805
857	0.812
858	0.813
859	0.800
860	0.801
861	0.795
862	0.825
863	0.823
864	0.808
865	0.821
866	0.827
867	0.837
868	0.807
869	0.784
870	0.784
871	0.817
872	0.829
873	0.813
874	0.783
875	0.771
876	0.782
877	0.790
878	0.796
879	0.795
880	0.800
881	0.815
882	0.839
883	0.829
884	0.827
885	0.826
886	0.816
887	0.826
888	0.838
889	0.831
890	0.856
891	0.889
892	0.923
893	0.914
894	0.903
895	0.922
896	0.913
897	0.954
898	0.944
899	0.945
900	0.930
901	0.891
902	0.903
903	0.939
904	0.940
905	0.921
906	0.921
907	0.934
908	0.944
909	0.961
910	0.952
911	0.937
912	0.935
913	0.948
914	0.924
915	0.958
916	0.980
917	0.980
918	0.979
919	1.010
920	1.017
921	0.987
922	0.996
923	1.017
924	1.023
925	1.001
926	0.986
927	0.998
928	1.001
929	1.010
930	1.003
931	0.974
932	0.968
933	0.985
934	0.992
935	1.002
936	1.032
937	1.032
938	1.041
939	1.026
940	1.010
941	1.016
942	1.019
943	1.041
944	1.081
945	1.083
946	1.067
947	1.040
948	1.031
949	1.047
950	1.061
951	1.045
952	1.018
953	1.011
954	1.025
955	1.013
956	0.977
957	0.991
958	1.026
959	1.032
960	1.041
961	1.066
962	1.116
963	1.109
964	1.058
965	1.017
966	0.990
967	1.031
968	1.084
969	1.130
970	1.122
971	1.069
972	1.036
973	1.064
974	1.085
975	1.070
976	1.055
977	1.040
978	1.039
979	1.058
980	1.068
981	1.036
982	1.027
983	1.015
984	1.011
985	0.990
986	0.965
987	0.991
988	1.007
989	1.042
990	1.076
991	1.055
992	1.085
993	1.107
994	1.126
995	1.150
996	1.132
997	1.105
998	1.085
999	1.098
1000	1.078
1001	1.083
1002	1.085
1003	1.086
1004	1.098
1005	1.092
1006	1.066
1007	1.029
1008	1.062
1009	1.093
1010	1.131
1011	1.149
1012	1.151
1013	1.157
1014	1.158
1015	1.137
1016	1.110
1017	1.117
1018	1.126
1019	1.148
1020	1.119
1021	1.085
1022	1.072
1023	1.091
1024	1.088
1025	1.080
1026	1.098
1027	1.095
1028	1.097
1029	1.116
1030	1.118
1031	1.088
1032	1.110
1033	1.142
1034	1.154
1035	1.154
1036	1.145
1037	1.119
1038	1.054
1039	1.033
1040	1.073
1041	1.116
1042	1.146
1043	1.146
1044	1.110
1045	1.106
1046	1.087
1047	1.063
1048	1.104
1049	1.145
1050	1.164
1051	1.155
1052	1.138
1053	1.135
1054	1.149
1055	1.180
1056	1.208
1057	1.234
1058	1.239
1059	1.222
1060	1.217
1061	1.231
1062	1.278
1063	1.263
1064	1.215
1065	1.158
1066	1.140
1067	1.147
1068	1.164
1069	1.181
1070	1.201
1071	1.223
1072	1.257
1073	1.263
1074	1.224
1075	1.181
1076	1.161
1077	1.131
1078	1.124
1079	1.105
1080	1.090
1081	1.089
1082	1.132
1083	1.168
1084	1.166
1085	1.164
1086	1.143
1087	1.086
1088	1.069
1089	1.085
1090	1.130
1091	1.164
1092	1.216
1093	1.213
1094	1.212
1095	1.210
1096	1.185
1097	1.149
1098	1.132
1099	1.142
1100	1.178
1101	1.181
1102	1.154
1103	1.146
1104	1.142
1105	1.104
1106	1.087
1107	1.131
1108	1.170
1109	1.163
1110	1.152
1111	1.157
1112	1.158
1113	1.157
1114	1.168
1115	1.183
1116	1.174
1117	1.164
1118	1.143
1119	1.172
1120	1.199
1121	1.203
1122	1.154
1123	1.157
1124	1.144
1125	1.171
1126	1.206
1127	1.212
1128	1.209
1129	1.187
1130	1.167
1131	1.178
1132	1.200
1133	1.165
1134	1.145
1135	1.162
1136	1.172
1137	1.163
1138	1.160
1139	1.166
1140	1.142
1141	1.131
1142	1.127
1143	1.132
1144	1.130
1145	1.162
1146	1.168
1147	1.161
1148	1.139
1149	1.158
1150	1.142
1151	1.121
1152	1.120
1153	1.105
1154	1.123
1155	1.132
1156	1.118
1157	1.089
1158	1.086
1159	1.079
1160	1.058
1161	1.067
1162	1.060
1163	1.030
1164	1.027
1165	1.069
1166	1.130
1167	1.135
1168	1.134
1169	1.117
1170	1.117
1171	1.108
1172	1.128
1173	1.124
1174	1.118
1175	1.125
1176	1.135
1177	1.139
1178	1.135
1179	1.103
1180	1.087
1181	1.020
1182	0.998
1183	0.997
1184	1.007
1185	1.061
1186	1.085
1187	1.087
1188	1.108
1189	1.110
1190	1.118
1191	1.121
1192	1.116
1193	1.119
1194	1.158
1195	1.161
1196	1.157
1197	1.198
1198	1.216
1199	1.226
1200	1.242
1201	1.251
1202	1.264
1203	1.247
1204	1.238
1205	1.248
1206	1.234
1207	1.232
1208	1.234
1209	1.207
1210	1.198
1211	1.214
1212	1.227
1213	1.241
1214	1.268
1215	1.265
1216	1.250
1217	1.252
1218	1.297
1219	1.271
1220	1.222
1221	1.251
1222	1.263
1223	1.270
1224	1.251
1225	1.247
1226	1.252
1227	1.261
1228	1.292
1229	1.295
1230	1.247
1231	1.213
1232	1.217
1233	1.254
1234	1.243
1235	1.241
1236	1.274
1237	1.295
1238	1.306
1239	1.303
1240	1.292
1241	1.289
1242	1.273
1243	1.298
1244	1.308
1245	1.307
1246	1.303
1247	1.278
1248	1.249
1249	1.196
1250	1.175
1251	1.191
1252	1.200
1253	1.214
1254	1.216
1255	1.209
1256	1.227
1257	1.252
1258	1.246
1259	1.202
1260	1.171
1261	1.176
1262	1.220
1263	1.240
1264	1.256
1265	1.256
1266	1.270
1267	1.286
1268	1.310
1269	1.341
1270	1.331
1271	1.321
1272	1.280
1273	1.235
1274	1.210
1275	1.191
1276	1.186
1277	1.192
1278	1.198
1279	1.240
1280	1.261
1281	1.268
1282	1.268
1283	1.248
1284	1.241
1285	1.251
1286	1.262
1287	1.256
1288	1.278
1289	1.260
1290	1.244
1291	1.222
1292	1.206
1293	1.196
1294	1.227
1295	1.249
1296	1.281
1297	1.277
1298	1.296
1299	1.310
1300	1.290
1301	1.267
1302	1.244
1303	1.254
1304	1.262
1305	1.256
1306	1.252
1307	1.249
1308	1.247
1309	1.238
1310	1.250
1311	1.278
1312	1.304
1313	1.338
1314	1.342
1315	1.342
1316	1.355
1317	1.353
1318	1.318
1319	1.306
1320	1.290
1321	1.250
1322	1.244
1323	1.259
1324	1.279
1325	1.268
1326	1.252
1327	1.279
1328	1.274
1329	1.302
1330	1.326
1331	1.343
1332	1.374
1333	1.391
1334	1.394
1335	1.386
1336	1.370
1337	1.328
1338	1.290
1339	1.279
1340	1.289
1341	1.309
1342	1.281
1343	1.256
1344	1.242
1345	1.242
1346	1.266
1347	1.264
1348	1.276
1349	1.276
1350	1.282
1351	1.291
1352	1.304
1353	1.296
1354	1.288
1355	1.303
1356	1.336
1357	1.365
1358	1.380
1359	1.374
1360	1.363
1361	1.350
1362	1.336
1363	1.324
1364	1.314
1365	1.310
1366	1.326
1367	1.345
1368	1.358
1369	1.377
1370	1.381
1371	1.379
1372	1.398
1373	1.422
1374	1.424
1375	1.422
1376	1.394
1377	1.396
1378	1.356
1379	1.318
1380	1.306
1381	1.336
1382	1.374
1383	1.361
1384	1.333
1385	1.289
1386	1.281
1387	1.286
1388	1.269
1389	1.300
1390	1.340
1391	1.372
1392	1.362
1393	1.329
1394	1.304
1395	1.290
1396	1.284
1397	1.256
1398	1.264
1399	1.310
1400	1.375
1401	1.381
1402	1.382
1403	1.362
1404	1.353
1405	1.311
1406	1.276
1407	1.264
1408	1.268
1409	1.257
1410	1.284
1411	1.273
1412	1.255
1413	1.243
1414	1.245
1415	1.259
1416	1.289
1417	1.324
1418	1.349
1419	1.353
1420	1.351
1421	1.345
1422	1.323
1423	1.328
1424	1.346
1425	1.367
1426	1.383
1427	1.385
1428	1.375
1429	1.356
1430	1.353
1431	1.374
1432	1.350
1433	1.327
1434	1.326
1435	1.344
1436	1.334
1437	1.347
1438	1.399
1439	1.388
1440	1.393
1441	1.397
1442	1.385
1443	1.348
1444	1.306
1445	1.268
1446	1.268
1447	1.284
1448	1.331
1449	1.333
1450	1.335
1451	1.311
1452	1.312
1453	1.306
1454	1.290
1455	1.294
1456	1.318
1457	1.348
1458	1.350
1459	1.385
1460	1.381
1461	1.337
1462	1.311
1463	1.296
1464	1.301
1465	1.315
1466	1.313
1467	1.307
1468	1.336
1469	1.315
1470	1.273
1471	1.283
1472	1.329
1473	1.336
1474	1.316
1475	1.347
1476	1.366
1477	1.372
1478	1.392
1479	1.431
1480	1.441
1481	1.436
1482	1.435
1483	1.437
1484	1.423
1485	1.408
1486	1.411
1487	1.432
1488	1.421
1489	1.418
1490	1.420
1491	1.442
1492	1.468
1493	1.456
1494	1.415
1495	1.364
1496	1.348
1497	1.332
1498	1.333
1499	1.365
1500	1.353
1501	1.359
1502	1.406
1503	1.418
1504	1.419
1505	1.403
1506	1.381
1507	1.366
1508	1.341
1509	1.303
1510	1.298
1511	1.307
1512	1.304
1513	1.272
1514	1.280
1515	1.303
1516	1.336
1517	1.368
1518	1.393
1519	1.438
1520	1.441
1521	1.426
1522	1.395
1523	1.405
1524	1.397
1525	1.418
1526	1.452
1527	1.452
1528	1.408
1529	1.401
1530	1.421
1531	1.433
1532	1.419
1533	1.416
1534	1.431
1535	1.431
1536	1.419
1537	1.418
1538	1.417
1539	1.410
1540	1.421
1541	1.404
1542	1.379
1543	1.399
1544	1.448
1545	1.478
1546	1.499
1547	1.515
1548	1.493
1549	1.452
1550	1.410
1551	1.404
1552	1.415
1553	1.439
1554	1.464
1555	1.465
1556	1.445
1557	1.438
1558	1.441
1559	1.442
1560	1.453
1561	1.458
1562	1.475
1563	1.486
1564	1.489
1565	1.535
1566	1.529
1567	1.498
1568	1.517
1569	1.520
1570	1.503
1571	1.448
1572	1.432
1573	1.462
1574	1.491
1575	1.514
1576	1.481
1577	1.496
1578	1.502
1579	1.503
1580	1.467
1581	1.465
1582	1.491
1583	1.513
1584	1.524
1585	1.519
1586	1.520
1587	1.506
1588	1.484
1589	1.441
1590	1.440
1591	1.462
1592	1.491
1593	1.547
1594	1.560
1595	1.485
1596	1.455
1597	1.480
1598	1.482
1599	1.513
1600	1.511
1601	1.507
1602	1.509
1603	1.498
1604	1.473
1605	1.473
1606	1.478
1607	1.514
1608	1.536
1609	1.498
1610	1.481
1611	1.483
1612	1.515
1613	1.497
1614	1.500
1615	1.500
1616	1.495
1617	1.491
1618	1.493
1619	1.518
1620	1.493
1621	1.513
1622	1.542
1623	1.523
1624	1.521
1625	1.539
1626	1.579
1627	1.579
1628	1.553
1629	1.536
1630	1.502
1631	1.496
1632	1.514
1633	1.536
1634	1.512
1635	1.529
1636	1.534
1637	1.499
1638	1.459
1639	1.476
1640	1.457
1641	1.475
1642	1.500
1643	1.531
1644	1.555
1645	1.551
1646	1.555
1647	1.548
1648	1.532
1649	1.491
1650	1.476
1651	1.524
1652	1.560
1653	1.554
1654	1.565
1655	1.566
1656	1.565
1657	1.579
1658	1.593
1659	1.585
1660	1.585
1661	1.545
1662	1.516
1663	1.530
1664	1.553
1665	1.554
1666	1.555
1667	1.569
1668	1.569
1669	1.574
1670	1.569
1671	1.575
1672	1.590
1673	1.573
1674	1.540
1675	1.537
1676	1.564
1677	1.577
1678	1.524
1679	1.487
1680	1.461
1681	1.439
1682	1.424
1683	1.434
1684	1.463
1685	1.500
1686	1.512
1687	1.524
1688	1.532
1689	1.511
1690	1.543
1691	1.576
1692	1.567
1693	1.530
1694	1.520
1695	1.521
1696	1.519
1697	1.520
1698	1.502
1699	1.500
1700	1.521
1701	1.531
1702	1.541
1703	1.548
1704	1.544
1705	1.554
1706	1.586
1707	1.602
1708	1.592
1709	1.598
1710	1.586
1711	1.598
1712	1.602
1713	1.614
1714	1.626
1715	1.614
1716	1.579
1717	1.565
1718	1.551
1719	1.569
1720	1.566
1721	1.545
1722	1.573
1723	1.573
1724	1.564
1725	1.584
1726	1.558
1727	1.560
1728	1.556
1729	1.509
1730	1.508
1731	1.513
1732	1.509
1733	1.504
1734	1.498
1735	1.471
1736	1.461
1737	1.535
1738	1.552
1739	1.551
1740	1.537
1741	1.524
1742	1.545
1743	1.584
1744	1.610
1745	1.594
1746	1.566
1747	1.554
1748	1.549
1749	1.561
1750	1.567
1751	1.537
1752	1.521
1753	1.535
1754	1.569
1755	1.578
1756	1.543
1757	1.565
1758	1.569
1759	1.575
1760	1.593
1761	1.612
1762	1.609
1763	1.596
1764	1.579
1765	1.579
1766	1.590
1767	1.557
1768	1.571
1769	1.579
1770	1.606
1771	1.608
1772	1.649
1773	1.642
1774	1.635
1775	1.621
1776	1.593
1777	1.585
1778	1.607
1779	1.604
1780	1.597
1781	1.621
1782	1.641
1783	1.644
1784	1.650
1785	1.632
1786	1.601
1787	1.588
1788	1.587
1789	1.594
1790	1.636
1791	1.639
1792	1.613
1793	1.598
1794	1.605
1795	1.600
1796	1.560
1797	1.540
1798	1.563
1799	1.572
1800	1.585
1801	1.607
1802	1.630
1803	1.617
1804	1.579
1805	1.576
1806	1.568
1807	1.566
1808	1.532
1809	1.524
1810	1.545
1811	1.540
1812	1.548
1813	1.526
1814	1.534
1815	1.559
1816	1.547
1817	1.542
1818	1.552
1819	1.557
1820	1.542
1821	1.549
1822	1.574
1823	1.587
1824	1.597
1825	1.587
1826	1.585
1827	1.636
1828	1.621
1829	1.610
1830	1.609
1831	1.583
1832	1.551
1833	1.524
1834	1.550
1835	1.589
1836	1.609
1837	1.546
1838	1.520
1839	1.550
1840	1.591
1841	1.637
1842	1.653
1843	1.626
1844	1.624
1845	1.636
1846	1.618
1847	1.607
1848	1.594
1849	1.625
1850	1.639
1851	1.658
1852	1.650
1853	1.631
1854	1.637
1855	1.652
1856	1.662
1857	1.691
1858	1.708
1859	1.686
1860	1.636
1861	1.644
1862	1.660
1863	1.673
1864	1.670
1865	1.608
1866	1.613
1867	1.639
1868	1.640
1869	1.641
1870	1.633
1871	1.650
1872	1.648
1873	1.638
1874	1.649
1875	1.640
1876	1.641
1877	1.653
1878	1.686
1879	1.669
1880	1.646
1881	1.616
1882	1.623
1883	1.647
1884	1.691
1885	1.717
1886	1.673
1887	1.637
1888	1.600
1889	1.613
1890	1.642
1891	1.645
1892	1.658
1893	1.643
1894	1.611
1895	1.620
1896	1.620
1897	1.588
1898	1.607
1899	1.607
1900	1.628
1901	1.642
1902	1.672
1903	1.683
1904	1.701
1905	1.712
1906	1.706
1907	1.700
1908	1.687
1909	1.704
1910	1.726
1911	1.711
1912	1.678
1913	1.657
1914	1.670
1915	1.674
1916	1.663
1917	1.680
1918	1.672
1919	1.668
1920	1.663
1921	1.689
1922	1.707
1923	1.718
1924	1.720
1925	1.682
1926	1.655
1927	1.655
1928	1.671
1929	1.671
1930	1.665
1931	1.690
1932	1.702
1933	1.702
1934	1.719
1935	1.738
1936	1.731
1937	1.697
1938	1.689
1939	1.645
1940	1.633
1941	1.627
1942	1.645
1943	1.685
1944	1.654
1945	1.624
1946	1.639
1947	1.663
1948	1.644
1949	1.616
1950	1.602
1951	1.616
1952	1.639
1953	1.651
1954	1.639
1955	1.653
1956	1.656
1957	1.653
1958	1.656
1959	1.687
1960	1.707
1961	1.707
1962	1.683
1963	1.660
1964	1.643
1965	1.617
1966	1.624
1967	1.667
1968	1.676
1969	1.697
1970	1.695
1971	1.658
1972	1.641
1973	1.646
1974	1.677
1975	1.669
1976	1.681
1977	1.693
1978	1.710
1979	1.699
1980	1.695
1981	1.687
1982	1.706
1983	1.730
1984	1.706
1985	1.720
1986	1.742
1987	1.755
1988	1.720
1989	1.683
1990	1.657
1991	1.637
1992	1.611
1993	1.620
1994	1.638
1995	1.671
1996	1.686
1997	1.646
1998	1.618
1999	1.602
2000	1.617
2001	1.631
2002	1.638
2003	1.630
2004	1.653
2005	1.680
2006	1.698
2007	1.701
2008	1.712
2009	1.720
2010	1.699
2011	1.724
2012	1.723
2013	1.696
2014	1.697
2015	1.694
2016	1.705
2017	1.735
2018	1.717
2019	1.745
2020	1.756
2021	1.741
2022	1.681
2023	1.653
2024	1.663
2025	1.677
2026	1.692
2027	1.676
2028	1.664
2029	1.687
2030	1.737
2031	1.717
2032	1.710
2033	1.737
2034	1.716
2035	1.689
2036	1.700
2037	1.701
2038	1.734
2039	1.756
2040	1.749
2041	1.752
2042	1.724
2043	1.705
2044	1.717
2045	1.699
2046	1.702
2047	1.738
2048	1.721
2049	1.718
2050	1.736
2051	1.744
2052	1.770
2053	1.792
2054	1.788
2055	1.769
2056	1.738
2057	1.731
2058	1.732
2059	1.752
2060	1.787
2061	1.793
2062	1.802
2063	1.790
2064	1.751
2065	1.756
2066	1.739
2067	1.702
2068	1.694
2069	1.718
2070	1.727
2071	1.733
2072	1.746
2073	1.715
2074	1.735
2075	1.751
2076	1.733
2077	1.743
2078	1.728
2079	1.720
2080	1.711
2081	1.723
2082	1.750
2083	1.715
2084	1.709
2085	1.715
2086	1.748
2087	1.728
2088	1.736
2089	1.723
2090	1.719
2091	1.739
2092	1.736
2093	1.730
2094	1.704
2095	1.691
2096	1.689
2097	1.697
2098	1.738
2099	1.721
2100	1.734
2101	1.713
2102	1.711
2103	1.736
2104	1.771
2105	1.767
2106	1.780
2107	1.779
2108	1.778
2109	1.759
2110	1.737
2111	1.736
2112	1.720
2113	1.686
2114	1.671
2115	1.693
2116	1.735
2117	1.726
2118	1.724
2119	1.735
2120	1.741
2121	1.728
2122	1.735
2123	1.738
2124	1.746
2125	1.751
2126	1.767
2127	1.776
2128	1.749
2129	1.736
2130	1.716
2131	1.741
2132	1.781
2133	1.756
2134	1.713
2135	1.712
2136	1.718
2137	1.740
2138	1.718
2139	1.722
2140	1.733
2141	1.735
2142	1.734
2143	1.721
2144	1.712
2145	1.732
2146	1.743
2147	1.742
2148	1.741
2149	1.764
2150	1.754
2151	1.754
2152	1.764
2153	1.765
2154	1.781
2155	1.794
2156	1.773
2157	1.731
2158	1.731
2159	1.754
2160	1.787
2161	1.819
2162	1.800
2163	1.748
2164	1.690
2165	1.677
2166	1.724
2167	1.761
2168	1.747
2169	1.728
2170	1.722
2171	1.723
2172	1.719
2173	1.707
2174	1.714
2175	1.695
2176	1.689
2177	1.695
2178	1.703
2179	1.705
2180	1.726
2181	1.742
2182	1.735
2183	1.735
2184	1.735
2185	1.720
2186	1.737
2187	1.758
2188	1.763
2189	1.787
2190	1.784
2191	1.788
2192	1.832
2193	1.782
2194	1.770
2195	1.760
2196	1.789
2197	1.817
2198	1.816
2199	1.842
2200	1.862
2201	1.839
2202	1.850
2203	1.874
2204	1.877
2205	1.850
2206	1.849
2207	1.867
2208	1.870
2209	1.836
2210	1.811
2211	1.812
2212	1.828
2213	1.828
2214	1.775
2215	1.796
2216	1.846
2217	1.867
2218	1.850
2219	1.811
2220	1.785
2221	1.802
2222	1.793
2223	1.778
2224	1.792
2225	1.759
2226	1.741
2227	1.777
2228	1.818
2229	1.822
2230	1.821
2231	1.790
2232	1.838
2233	1.856
2234	1.891
2235	1.900
2236	1.877
2237	1.887
2238	1.890
2239	1.910
2240	1.905
2241	1.889
2242	1.856
2243	1.869
2244	1.870
2245	1.850
2246	1.822
2247	1.834
2248	1.858
2249	1.861
2250	1.862
2251	1.847
2252	1.887
2253	1.894
2254	1.890
2255	1.903
2256	1.877
2257	1.863
2258	1.884
2259	1.920
2260	1.895
2261	1.918
2262	1.918
2263	1.918
2264	1.910
2265	1.877
2266	1.891
2267	1.874
2268	1.864
2269	1.838
2270	1.847
2271	1.852
2272	1.834
2273	1.838
2274	1.850
2275	1.864
2276	1.853
2277	1.853
2278	1.883
2279	1.849
2280	1.855
2281	1.846
2282	1.855
2283	1.862
2284	1.869
2285	1.861
2286	1.852
2287	1.843
2288	1.837
2289	1.816
2290	1.836
2291	1.833
2292	1.835
2293	1.816
2294	1.807
2295	1.785
2296	1.798
2297	1.822
2298	1.839
2299	1.848
2300	1.844
2301	1.823
2302	1.821
2303	1.815
2304	1.795
2305	1.788
2306	1.786
2307	1.806
2308	1.805
2309	1.812
2310	1.825
2311	1.840
2312	1.815
2313	1.792
2314	1.795
2315	1.776
2316	1.779
2317	1.788
2318	1.807
2319	1.792
2320	1.810
2321	1.822
2322	1.812
2323	1.835
2324	1.868
2325	1.880
2326	1.827
2327	1.832
2328	1.858
2329	1.840
2330	1.815
2331	1.817
2332	1.812
2333	1.799
2334	1.778
2335	1.786
2336	1.787
2337	1.830
2338	1.813
2339	1.773
2340	1.798
2341	1.809
2342	1.809
2343	1.799
2344	1.820
2345	1.800
2346	1.811
2347	1.836
2348	1.848
2349	1.828
2350	1.818
2351	1.856
2352	1.882
2353	1.857
2354	1.856
2355	1.840
2356	1.819
2357	1.796
2358	1.822
2359	1.846
2360	1.834
2361	1.821
2362	1.801
2363	1.797
2364	1.816
2365	1.831
2366	1.837
2367	1.835
2368	1.834
2369	1.822
2370	1.814
2371	1.810
2372	1.842
2373	1.825
2374	1.780
2375	1.768
2376	1.796
2377	1.794
2378	1.792
2379	1.781
2380	1.787
2381	1.757
2382	1.765
2383	1.810
2384	1.843
2385	1.829
2386	1.811
2387	1.819
2388	1.812
2389	1.801
2390	1.843
2391	1.859
2392	1.846
2393	1.812
2394	1.809
2395	1.818
2396	1.818
2397	1.806
2398	1.795
2399	1.821
2400	1.815
2401	1.789
2402	1.772
2403	1.780
2404	1.817
2405	1.809
2406	1.808
2407	1.795
2408	1.809
2409	1.817
2410	1.807
2411	1.823
2412	1.820
2413	1.827
2414	1.837
2415	1.833
2416	1.821
2417	1.837
2418	1.836
2419	1.826
2420	1.794
2421	1.783
2422	1.806
2423	1.793
2424	1.786
2425	1.804
2426	1.837
2427	1.831
2428	1.815
2429	1.865
2430	1.856
2431	1.868
2432	1.860
2433	1.824
2434	1.795
2435	1.805
2436	1.817
2437	1.832
2438	1.826
2439	1.832
2440	1.829
2441	1.815
2442	1.824
2443	1.851
2444	1.842
2445	1.868
2446	1.875
2447	1.877
2448	1.862
2449	1.853
2450	1.822
2451	1.805
2452	1.800
2453	1.820
2454	1.784
2455	1.807
2456	1.825
2457	1.818
2458	1.838
2459	1.826
2460	1.840
2461	1.874
2462	1.883
2463	1.877
2464	1.879
2465	1.890
2466	1.908
2467	1.888
2468	1.903
2469	1.866
2470	1.876
2471	1.864
2472	1.851
2473	1.875
2474	1.878
2475	1.865
2476	1.899
2477	1.897
2478	1.908
2479	1.905
2480	1.926
2481	1.916
2482	1.911
2483	1.908
2484	1.884
2485	1.860
2486	1.869
2487	1.848
2488	1.844
2489	1.837
2490	1.847
2491	1.898
2492	1.898
2493	1.896
2494	1.909
2495	1.918
2496	1.931
2497	1.917
2498	1.921
2499	1.931
2500	1.947
2501	1.967
2502	1.979
2503	1.992
2504	1.990
2505	1.980
2506	1.971
2507	1.965
2508	1.949
2509	1.971
2510	1.990
2511	1.971
2512	1.969
2513	1.973
2514	1.942
2515	1.913
2516	1.927
2517	1.935
2518	1.922
2519	1.927
2520	1.954
2521	1.970
2522	1.973
2523	1.968
2524	1.996
2525	2.010
2526	1.982
2527	2.018
2528	2.004
2529	1.998
2530	2.006
2531	2.033
2532	2.036
2533	2.000
2534	2.001
2535	2.015
2536	2.009
2537	2.005
2538	2.025
2539	2.017
2540	2.010
2541	1.970
2542	1.967
2543	2.003
2544	2.009
2545	2.013
2546	2.018
2547	2.002
2548	1.974
2549	1.960
2550	1.941
2551	1.961
2552	1.952
2553	1.901
2554	1.882
2555	1.903
2556	1.932
2557	1.946
2558	1.958
2559	1.930
2560	1.917
2561	1.893
2562	1.915
2563	1.919
2564	1.896
2565	1.902
2566	1.912
2567	1.876
2568	1.877
2569	1.896
2570	1.888
2571	1.883
2572	1.900
2573	1.926
2574	1.926
2575	1.912
2576	1.922
2577	1.914
2578	1.895
2579	1.928
2580	1.916
2581	1.914
2582	1.942
2583	1.971
2584	1.958
2585	1.918
2586	1.886
2587	1.893
2588	1.923
2589	1.918
2590	1.907
2591	1.917
2592	1.910
2593	1.911
2594	1.914
2595	1.916
2596	1.915
2597	1.923
2598	1.918
2599	1.937
2600	1.920
2601	1.950
2602	1.959
2603	1.977
2604	2.006
2605	2.030
2606	1.998
2607	1.967
2608	1.973
2609	1.970
2610	1.966
2611	1.925
2612	1.902
2613	1.899
2614	1.903
2615	1.923
2616	1.919
2617	1.928
2618	1.951
2619	1.937
2620	1.917
2621	1.897
2622	1.919
2623	1.932
2624	1.964
2625	1.949
2626	1.943
2627	1.919
2628	1.910
2629	1.920
2630	1.896
2631	1.898
2632	1.917
2633	1.911
2634	1.910
2635	1.915
2636	1.914
2637	1.921
2638	1.939
2639	1.932
2640	1.928
2641	1.931
2642	1.943
2643	1.947
2644	1.973
2645	1.962
2646	1.918
2647	1.944
2648	1.941
2649	1.952
2650	1.952
2651	1.951
2652	1.984
2653	1.997
2654	2.005
2655	2.002
2656	1.990
2657	2.001
2658	1.984
2659	1.986
2660	1.972
2661	1.979
2662	1.982
2663	1.971
2664	1.988
2665	1.999
2666	2.004
2667	2.025
2668	2.033
2669	2.031
2670	2.018
2671	1.955
2672	1.966
2673	1.969
2674	1.966
2675	1.925
2676	1.908
2677	1.925
2678	1.932
2679	1.923
2680	1.938
2681	1.971
2682	1.955
2683	1.985
2684	1.984
2685	1.957
2686	1.977
2687	1.991
2688	1.987
2689	1.990
2690	1.993
2691	2.031
2692	2.056
2693	2.038
2694	2.041
2695	2.040
2696	2.020
2697	1.987
2698	1.991
2699	1.990
2700	1.989
2701	1.999
2702	1.997
2703	2.002
2704	2.022
2705	2.002
2706	2.011
2707	2.000
2708	1.998
2709	2.005
2710	2.017
2711	2.060
2712	2.086
2713	2.071
2714	2.044
2715	2.029
2716	1.980
2717	1.976
2718	2.004
2719	2.023
2720	2.071
2721	2.073
2722	2.057
2723	2.056
2724	2.059
2725	2.030
2726	2.020
2727	2.009
2728	1.991
2729	2.004
2730	2.003
2731	1.992
2732	2.032
2733	2.032
2734	2.034
2735	2.033
2736	2.041
2737	2.045
2738	2.054
2739	2.045
2740	2.043
2741	2.044
2742	2.046
2743	2.020
2744	2.037
2745	2.042
2746	2.040
2747	2.052
2748	2.043
2749	2.044
2750	2.075
2751	2.109
2752	2.088
2753	2.077
2754	2.095
2755	2.094
2756	2.102
2757	2.106
2758	2.103
2759	2.093
2760	2.087
2761	2.097
2762	2.113
2763	2.067
2764	2.072
2765	2.090
2766	2.062
2767	2.031
2768	2.026
2769	2.069
2770	2.099
2771	2.137
2772	2.133
2773	2.103
2774	2.090
2775	2.088
2776	2.085
2777	2.083
2778	2.072
2779	2.064
2780	2.082
2781	2.096
2782	2.125
2783	2.137
2784	2.166
2785	2.140
2786	2.119
2787	2.127
2788	2.123
2789	2.104
2790	2.103
2791	2.122
2792	2.097
2793	2.076
2794	2.082
2795	2.101
2796	2.109
2797	2.106
2798	2.120
2799	2.093
2800	2.063
2801	2.071
2802	2.084
2803	2.082
2804	2.096
2805	2.121
2806	2.119
2807	2.114
2808	2.114
2809	2.138
2810	2.170
2811	2.159
2812	2.137
2813	2.111
2814	2.111
2815	2.089
2816	2.070
2817	2.062
2818	2.072
2819	2.048
2820	2.053
2821	2.060
2822	2.058
2823	2.099
2824	2.109
2825	2.106
2826	2.113
2827	2.124
2828	2.113
2829	2.080
2830	2.077
2831	2.071
2832	2.061
2833	2.060
2834	2.041
2835	2.060
2836	2.087
2837	2.072
2838	2.076
2839	2.122
2840	2.137
2841	2.119
2842	2.102
2843	2.113
2844	2.100
2845	2.104
2846	2.105
2847	2.117
2848	2.107
2849	2.068
2850	2.048
2851	2.083
2852	2.123
2853	2.116
2854	2.118
2855	2.118
2856	2.113
2857	2.106
2858	2.125
2859	2.124
2860	2.128
2861	2.106
2862	2.128
2863	2.123
2864	2.095
2865	2.137
2866	2.164
2867	2.144
2868	2.115
2869	2.105
2870	2.084
2871	2.080
2872	2.094
2873	2.108
2874	2.097
2875	2.082
2876	2.066
2877	2.078
2878	2.076
2879	2.066
2880	2.061
2881	2.088
2882	2.103
2883	2.093
2884	2.092
2885	2.077
2886	2.049
2887	2.065
2888	2.114
2889	2.111
2890	2.066
2891	2.058
2892	2.060
2893	2.059
2894	2.049
2895	2.037
2896	2.097
2897	2.138
2898	2.125
2899	2.093
2900	2.103
2901	2.081
2902	2.075
2903	2.052
2904	2.033
2905	2.052
2906	2.069
2907	2.037
2908	2.019
2909	2.060
2910	2.104
2911	2.091
2912	2.086
2913	2.098
2914	2.091
2915	2.059
2916	2.065
2917	2.088
2918	2.077
2919	2.078
2920	2.101
2921	2.130
2922	2.121
2923	2.127
2924	2.131
2925	2.141
2926	2.159
2927	2.163
2928	2.157
2929	2.101
2930	2.136
2931	2.199
2932	2.176
2933	2.119
2934	2.099
2935	2.077
2936	2.042
2937	2.050
2938	2.078
2939	2.080
2940	2.068
2941	2.051
2942	2.069
2943	2.094
2944	2.103
2945	2.098
2946	2.121
2947	2.112
2948	2.099
2949	2.061
2950	2.072
2951	2.097
2952	2.092
2953	2.098
2954	2.132
2955	2.126
2956	2.117
2957	2.108
2958	2.111
2959	2.123
2960	2.110
2961	2.098
2962	2.106
2963	2.105
2964	2.115
2965	2.097
2966	2.131
2967	2.155
2968	2.138
2969	2.135
2970	2.157
2971	2.194
2972	2.194
2973	2.155
2974	2.150
2975	2.149
2976	2.138
2977	2.144
2978	2.144
2979	2.131
2980	2.134
2981	2.166
2982	2.168
2983	2.129
2984	2.124
2985	2.131
2986	2.126
2987	2.113
2988	2.097
2989	2.090
2990	2.126
2991	2.152
2992	2.154
2993	2.120
2994	2.130
2995	2.160
2996	2.143
2997	2.120
2998	2.135
2999	2.148
3000	2.132
3001	2.114
3002	2.149
3003	2.182
3004	2.164
3005	2.117
3006	2.074
3007	2.049
3008	2.078
3009	2.116
3010	2.116
3011	2.114
3012	2.134
3013	2.115
3014	2.107
3015	2.126
3016	2.112
3017	2.101
3018	2.119
3019	2.134
3020	2.133
3021	2.153
3022	2.177
3023	2.141
3024	2.115
3025	2.100
3026	2.111
3027	2.122
3028	2.131
3029	2.150
3030	2.165
3031	2.157
3032	2.151
3033	2.128
3034	2.131
3035	2.157
3036	2.163
3037	2.167
3038	2.163
3039	2.149
3040	2.183
3041	2.191
3042	2.159
3043	2.177
3044	2.182
3045	2.205
3046	2.208
3047	2.211
3048	2.225
3049	2.213
3050	2.184
3051	2.211
3052	2.222
3053	2.205
3054	2.195
3055	2.215
3056	2.208
3057	2.207
3058	2.204
3059	2.235
3060	2.240
3061	2.234
3062	2.248
3063	2.252
3064	2.280
3065	2.268
3066	2.254
3067	2.261
3068	2.237
3069	2.230
3070	2.224
3071	2.218
3072	2.227
3073	2.231
3074	2.226
3075	2.258
3076	2.303
3077	2.343
3078	2.316
3079	2.283
3080	2.255
3081	2.227
3082	2.202
3083	2.231
3084	2.242
3085	2.212
3086	2.199
3087	2.192
3088	2.235
3089	2.219
3090	2.178
3091	2.185
3092	2.199
3093	2.223
3094	2.216
3095	2.204
3096	2.207
3097	2.208
3098	2.233
3099	2.241
3100	2.203
3101	2.205
3102	2.234
3103	2.216
3104	2.230
3105	2.220
3106	2.230
3107	2.244
3108	2.233
3109	2.214
3110	2.205
3111	2.234
3112	2.270
3113	2.272
3114	2.246
3115	2.240
3116	2.271
3117	2.284
3118	2.273
3119	2.249
3120	2.217
3121	2.203
3122	2.219
3123	2.237
3124	2.225
3125	2.224
3126	2.226
3127	2.205
3128	2.225
3129	2.228
3130	2.262
3131	2.296
3132	2.338
3133	2.367
3134	2.377
3135	2.396
3136	2.401
3137	2.402
3138	2.403
3139	2.381
3140	2.384
3141	2.352
3142	2.351
3143	2.381
3144	2.377
3145	2.343
3146	2.335
3147	2.374
3148	2.371
3149	2.353
3150	2.374
3151	2.385
3152	2.385
3153	2.368
3154	2.337
3155	2.314
3156	2.311
3157	2.345
3158	2.359
3159	2.355
3160	2.348
3161	2.322
3162	2.319
3163	2.353
3164	2.324
3165	2.321
3166	2.342
3167	2.370
3168	2.365
3169	2.320
3170	2.325
3171	2.336
3172	2.326
3173	2.281
3174	2.261
3175	2.292
3176	2.293
3177	2.278
3178	2.287
3179	2.268
3180	2.303
3181	2.341
3182	2.328
3183	2.294
3184	2.283
3185	2.324
3186	2.321
3187	2.312
3188	2.311
3189	2.323
3190	2.352
3191	2.367
3192	2.359
3193	2.339
3194	2.356
3195	2.343
3196	2.325
3197	2.295
3198	2.289
3199	2.319
3200	2.313
3201	2.300
3202	2.290
3203	2.276
3204	2.291
3205	2.303
3206	2.301
3207	2.284
3208	2.273
3209	2.241
3210	2.226
3211	2.220
3212	2.187
3213	2.190
3214	2.211
3215	2.237
3216	2.257
3217	2.264
3218	2.253
3219	2.262
3220	2.261
3221	2.256
3222	2.276
3223	2.276
3224	2.305
3225	2.301
3226	2.276
3227	2.271
3228	2.240
3229	2.223
3230	2.248
3231	2.311
3232	2.358
3233	2.381
3234	2.400
3235	2.414
3236	2.385
3237	2.378
3238	2.395
3239	2.363
3240	2.367
3241	2.408
3242	2.397
3243	2.380
3244	2.358
3245	2.347
3246	2.339
3247	2.365
3248	2.360
3249	2.338
3250	2.357
3251	2.366
3252	2.380
3253	2.384
3254	2.340
3255	2.321
3256	2.348
3257	2.366
3258	2.385
3259	2.377
3260	2.393
3261	2.406
3262	2.399
3263	2.379
3264	2.381
3265	2.344
3266	2.336
3267	2.340
3268	2.333
3269	2.363
3270	2.345
3271	2.344
3272	2.327
3273	2.307
3274	2.341
3275	2.404
3276	2.413
3277	2.434
3278	2.445
3279	2.418
3280	2.426
3281	2.402
3282	2.375
3283	2.407
3284	2.422
3285	2.398
3286	2.365
3287	2.328
3288	2.351
3289	2.391
3290	2.404
3291	2.449
3292	2.473
3293	2.449
3294	2.410
3295	2.409
3296	2.375
3297	2.370
3298	2.379
3299	2.388
3300	2.407
3301	2.393
3302	2.409
3303	2.424
3304	2.428
3305	2.420
3306	2.414
3307	2.394
3308	2.345
3309	2.325
3310	2.344
3311	2.385
3312	2.406
3313	2.417
3314	2.410
3315	2.439
3316	2.441
3317	2.443
3318	2.438
3319	2.438
3320	2.423
3321	2.394
3322	2.407
3323	2.394
3324	2.367
3325	2.355
3326	2.360
3327	2.360
3328	2.349
3329	2.355
3330	2.374
3331	2.374
3332	2.381
3333	2.407
3334	2.411
3335	2.411
3336	2.413
3337	2.403
3338	2.429
3339	2.467
3340	2.466
3341	2.447
3342	2.474
3343	2.484
3344	2.474
3345	2.477
3346	2.455
3347	2.431
3348	2.467
3349	2.454
3350	2.453
3351	2.452
3352	2.435
3353	2.455
3354	2.459
3355	2.467
3356	2.472
3357	2.463
3358	2.483
3359	2.487
3360	2.494
3361	2.491
3362	2.477
3363	2.477
3364	2.477
3365	2.497
3366	2.520
3367	2.518
3368	2.493
3369	2.494
3370	2.463
3371	2.416
3372	2.424
3373	2.399
3374	2.356
3375	2.336
3376	2.313
3377	2.334
3378	2.346
3379	2.349
3380	2.350
3381	2.366
3382	2.370
3383	2.401
3384	2.404
3385	2.401
3386	2.367
3387	2.359
3388	2.393
3389	2.429
3390	2.467
3391	2.488
3392	2.482
3393	2.451
3394	2.464
3395	2.480
3396	2.494
3397	2.475
3398	2.510
3399	2.477
3400	2.405
3401	2.430
3402	2.418
3403	2.404
3404	2.408
3405	2.451
3406	2.453
3407	2.430
3408	2.442
3409	2.414
3410	2.398
3411	2.405
3412	2.414
3413	2.422
3414	2.409
3415	2.408
3416	2.395
3417	2.370
3418	2.349
3419	2.345
3420	2.364
3421	2.351
3422	2.357
3423	2.373
3424	2.364
3425	2.361
3426	2.399
3427	2.393
3428	2.387
3429	2.396
3430	2.376
3431	2.365
3432	2.380
3433	2.392
3434	2.411
3435	2.414
3436	2.441
3437	2.437
3438	2.433
3439	2.451
3440	2.429
3441	2.436
3442	2.452
3443	2.449
3444	2.447
3445	2.446
3446	2.446
3447	2.385
3448	2.359
3449	2.385
3450	2.430
3451	2.431
3452	2.419
3453	2.430
3454	2.449
3455	2.464
3456	2.474
3457	2.505
3458	2.514
3459	2.462
3460	2.441
3461	2.448
3462	2.475
3463	2.471
3464	2.466
3465	2.438
3466	2.429
3467	2.452
3468	2.483
3469	2.479
3470	2.488
3471	2.459
3472	2.457
3473	2.474
3474	2.489
3475	2.458
3476	2.464
3477	2.495
3478	2.470
3479	2.450
3480	2.433
3481	2.417
3482	2.437
3483	2.444
3484	2.411
3485	2.447
3486	2.465
3487	2.474
3488	2.487
3489	2.501
3490	2.493
3491	2.487
3492	2.455
3493	2.453
3494	2.491
3495	2.487
3496	2.474
3497	2.481
3498	2.528
3499	2.521
3500	2.540
3501	2.555
3502	2.521
3503	2.507
3504	2.480
3505	2.493
3506	2.515
3507	2.510
3508	2.530
3509	2.515
3510	2.500
3511	2.501
3512	2.508
3513	2.498
3514	2.516
3515	2.543
3516	2.542
3517	2.513
3518	2.501
3519	2.529
3520	2.562
3521	2.555
3522	2.549
3523	2.566
3524	2.558
3525	2.522
3526	2.541
3527	2.533
3528	2.525
3529	2.547
3530	2.510
3531	2.479
3532	2.461
3533	2.460
3534	2.469
3535	2.484
3536	2.483
3537	2.494
3538	2.492
3539	2.509
3540	2.493
3541	2.476
3542	2.487
3543	2.495
3544	2.518
3545	2.525
3546	2.514
3547	2.508
3548	2.544
3549	2.583
3550	2.581
3551	2.577
3552	2.570
3553	2.552
3554	2.563
3555	2.555
3556	2.519
3557	2.514
3558	2.498
3559	2.510
3560	2.510
3561	2.505
3562	2.503
3563	2.503
3564	2.505
3565	2.509
3566	2.487
3567	2.498
3568	2.509
3569	2.500
3570	2.494
3571	2.489
3572	2.478
3573	2.480
3574	2.474
3575	2.464
3576	2.461
3577	2.453
3578	2.468
3579	2.471
3580	2.470
3581	2.471
3582	2.492
3583	2.499
3584	2.504
3585	2.522
3586	2.486
3587	2.506
3588	2.543
3589	2.509
3590	2.526
3591	2.508
3592	2.504
3593	2.512
3594	2.526
3595	2.538
3596	2.567
3597	2.585
3598	2.556
3599	2.511
3600	2.514
3601	2.551
3602	2.529
3603	2.487
3604	2.485
3605	2.522
3606	2.548
3607	2.525
3608	2.480
3609	2.477
3610	2.505
3611	2.482
3612	2.498
3613	2.507
3614	2.523
3615	2.511
3616	2.515
3617	2.535
3618	2.536
3619	2.484
3620	2.454
3621	2.470
3622	2.456
3623	2.444
3624	2.435
3625	2.422
3626	2.397
3627	2.390
3628	2.414
3629	2.461
3630	2.479
3631	2.471
3632	2.428
3633	2.452
3634	2.485
3635	2.516
3636	2.521
3637	2.512
3638	2.529
3639	2.516
3640	2.495
3641	2.506
3642	2.496
3643	2.520
3644	2.546
3645	2.525
3646	2.476
3647	2.504
3648	2.527
3649	2.547
3650	2.523
3651	2.534
3652	2.597
3653	2.641
3654	2.657
3655	2.649
3656	2.626
3657	2.616
3658	2.644
3659	2.636
3660	2.617
3661	2.606
3662	2.614
3663	2.636
3664	2.660
3665	2.669
3666	2.680
3667	2.695
3668	2.697
3669	2.691
3670	2.664
3671	2.658
3672	2.680
3673	2.714
3674	2.733
3675	2.735
3676	2.713
3677	2.721
3678	2.700
3679	2.697
3680	2.694
3681	2.746
3682	2.752
3683	2.733
3684	2.737
3685	2.735
3686	2.762
3687	2.761
3688	2.770
3689	2.791
3690	2.789
3691	2.782
3692	2.788
3693	2.783
3694	2.763
3695	2.743
3696	2.726
3697	2.692
3698	2.675
3699	2.678
3700	2.679
3701	2.691
3702	2.718
3703	2.724
3704	2.708
3705	2.723
3706	2.734
3707	2.733
3708	2.731
3709	2.720
3710	2.719
3711	2.725
3712	2.738
3713	2.725
3714	2.736
3715	2.720
3716	2.677
3717	2.646
3718	2.631
3719	2.629
3720	2.643
3721	2.631
3722	2.645
3723	2.625
3724	2.605
3725	2.581
3726	2.604
3727	2.593
3728	2.618
3729	2.609
3730	2.616
3731	2.649
3732	2.689
3733	2.688
3734	2.657
3735	2.653
3736	2.693
3737	2.684
3738	2.649
3739	2.631
3740	2.632
3741	2.666
3742	2.691
3743	2.718
3744	2.752
3745	2.747
3746	2.742
3747	2.731
3748	2.733
3749	2.765
3750	2.787
3751	2.739
3752	2.695
3753	2.716
3754	2.719
3755	2.706
3756	2.721
3757	2.740
3758	2.730
3759	2.667
3760	2.664
3761	2.696
3762	2.728
3763	2.727
3764	2.717
3765	2.719
3766	2.730
3767	2.748
3768	2.741
3769	2.737
3770	2.735
3771	2.688
3772	2.653
3773	2.677
3774	2.712
3775	2.707
3776	2.684
3777	2.666
3778	2.660
3779	2.662
3780	2.646
3781	2.673
3782	2.672
3783	2.659
3784	2.633
3785	2.670
3786	2.657
3787	2.647
3788	2.627
3789	2.654
3790	2.653
3791	2.641
3792	2.646
3793	2.628
3794	2.648
3795	2.642
3796	2.638
3797	2.647
3798	2.677
3799	2.688
3800	2.675
3801	2.660
3802	2.681
3803	2.669
3804	2.662
3805	2.683
3806	2.703
3807	2.708
3808	2.696
3809	2.709
3810	2.694
3811	2.709
3812	2.691
3813	2.685
3814	2.661
3815	2.692
3816	2.721
3817	2.718
3818	2.714
3819	2.713
3820	2.704
3821	2.731
3822	2.745
3823	2.739
3824	2.737
3825	2.728
3826	2.757
3827	2.755
3828	2.750
3829	2.780
3830	2.787
3831	2.762
3832	2.740
3833	2.721
3834	2.715
3835	2.720
3836	2.709
3837	2.717
3838	2.686
3839	2.678
3840	2.720
3841	2.720
3842	2.725
3843	2.752
3844	2.779
3845	2.754
3846	2.731
3847	2.738
3848	2.750
3849	2.765
3850	2.769
3851	2.776
3852	2.762
3853	2.726
3854	2.742
3855	2.774
3856	2.754
3857	2.743
3858	2.780
3859	2.819
3860	2.842
3861	2.830
3862	2.772
3863	2.744
3864	2.729
3865	2.734
3866	2.743
3867	2.726
3868	2.704
3869	2.676
3870	2.667
3871	2.670
3872	2.703
3873	2.728
3874	2.713
3875	2.688
3876	2.693
3877	2.692
3878	2.712
3879	2.735
3880	2.750
3881	2.774
3882	2.791
3883	2.783
3884	2.752
3885	2.746
3886	2.732
3887	2.722
3888	2.737
3889	2.734
3890	2.696
3891	2.641
3892	2.628
3893	2.651
3894	2.657
3895	2.698
3896	2.693
3897	2.674
3898	2.675
3899	2.682
3900	2.694
3901	2.694
3902	2.691
3903	2.675
3904	2.688
3905	2.695
3906	2.693
3907	2.686
3908	2.670
3909	2.666
3910	2.678
3911	2.680
3912	2.647
3913	2.647
3914	2.692
3915	2.712
3916	2.714
3917	2.709
3918	2.677
3919	2.674
3920	2.681
3921	2.673
3922	2.676
3923	2.687
3924	2.710
3925	2.739
3926	2.757
3927	2.771
3928	2.770
3929	2.781
3930	2.780
3931	2.782
3932	2.752
3933	2.750
3934	2.724
3935	2.704
3936	2.713
3937	2.751
3938	2.751
3939	2.768
3940	2.776
3941	2.751
3942	2.764
3943	2.763
3944	2.762
3945	2.738
3946	2.707
3947	2.701
3948	2.745
3949	2.805
3950	2.804
3951	2.799
3952	2.823
3953	2.798
3954	2.762
3955	2.747
3956	2.750
3957	2.747
3958	2.772
3959	2.774
3960	2.754
3961	2.753
3962	2.756
3963	2.767
3964	2.788
3965	2.808
3966	2.805
3967	2.818
3968	2.789
3969	2.778
3970	2.829
3971	2.833
3972	2.818
3973	2.808
3974	2.800
3975	2.739
3976	2.770
3977	2.786
3978	2.776
3979	2.769
3980	2.780
3981	2.810
3982	2.827
3983	2.805
3984	2.801
3985	2.793
3986	2.820
3987	2.822
3988	2.808
3989	2.802
3990	2.821
3991	2.819
3992	2.792
3993	2.800
3994	2.821
3995	2.793
3996	2.814
3997	2.832
3998	2.853
3999	2.845
4000	2.827
4001	2.839
4002	2.842
4003	2.821
4004	2.815
4005	2.810
4006	2.783
4007	2.779
4008	2.798
4009	2.792
4010	2.746
4011	2.693
4012	2.705
4013	2.724
4014	2.733
4015	2.753
4016	2.776
4017	2.803
4018	2.792
4019	2.812
4020	2.826
4021	2.825
4022	2.805
4023	2.798
4024	2.790
4025	2.811
4026	2.819
4027	2.825
4028	2.809
4029	2.815
4030	2.794
4031	2.765
4032	2.738
4033	2.742
4034	2.829
4035	2.858
4036	2.820
4037	2.788
4038	2.828
4039	2.835
4040	2.832
4041	2.822
4042	2.828
4043	2.806
4044	2.804
4045	2.814
4046	2.829
4047	2.848
4048	2.851
4049	2.843
4050	2.838
4051	2.845
4052	2.884
4053	2.883
4054	2.851
4055	2.829
4056	2.799
4057	2.796
4058	2.782
4059	2.809
4060	2.827
4061	2.835
4062	2.844
4063	2.853
4064	2.851
4065	2.849
4066	2.845
4067	2.848
4068	2.850
4069	2.845
4070	2.865
4071	2.865
4072	2.877
4073	2.875
4074	2.885
4075	2.882
4076	2.873
4077	2.877
4078	2.859
4079	2.854
4080	2.853
4081	2.853
4082	2.880
4083	2.910
4084	2.908
4085	2.868
4086	2.862
4087	2.848
4088	2.825
4089	2.830
4090	2.875
4091	2.844
4092	2.785
4093	2.780
4094	2.776
4095	2.803
4096	2.820
4097	2.825
4098	2.851
4099	2.829
4100	2.851
4101	2.849
4102	2.840
4103	2.833
4104	2.829
4105	2.811
4106	2.822
4107	2.818
4108	2.800
4109	2.793
4110	2.806
4111	2.790
4112	2.758
4113	2.780
4114	2.822
4115	2.856
4116	2.880
4117	2.861
4118	2.856
4119	2.851
4120	2.863
4121	2.864
4122	2.838
4123	2.835
4124	2.852
4125	2.888
4126	2.878
4127	2.879
4128	2.858
4129	2.811
4130	2.797
4131	2.797
4132	2.805
4133	2.794
4134	2.802
4135	2.813
4136	2.827
4137	2.827
4138	2.853
4139	2.884
4140	2.889
4141	2.875
4142	2.867
4143	2.887
4144	2.889
4145	2.836
4146	2.820
4147	2.816
4148	2.836
4149	2.824
4150	2.826
4151	2.837
4152	2.868
4153	2.873
4154	2.874
4155	2.873
4156	2.902
4157	2.902
4158	2.895
4159	2.893
4160	2.898
4161	2.914
4162	2.947
4163	2.951
4164	2.953
4165	2.950
4166	2.937
4167	2.943
4168	2.981
4169	2.990
4170	2.970
4171	2.938
4172	2.937
4173	2.933
4174	2.928
4175	2.930
4176	2.933
4177	2.946
4178	2.946
4179	2.934
4180	2.916
4181	2.931
4182	2.943
4183	2.936
4184	2.951
4185	2.983
4186	2.965
4187	2.924
4188	2.886
4189	2.899
4190	2.921
4191	2.920
4192	2.938
4193	2.966
4194	2.943
4195	2.884
4196	2.893
4197	2.937
4198	2.944
4199	2.930
4200	2.924
4201	2.936
4202	2.920
4203	2.922
4204	2.923
4205	2.917
4206	2.920
4207	2.918
4208	2.909
4209	2.925
4210	2.938
4211	2.948
4212	2.937
4213	2.933
4214	2.925
4215	2.925
4216	2.921
4217	2.943
4218	2.955
4219	2.957
4220	2.951
4221	2.928
4222	2.913
4223	2.926
4224	2.945
4225	2.955
4226	2.941
4227	2.920
4228	2.895
4229	2.874
4230	2.868
4231	2.876
4232	2.907
4233	2.869
4234	2.871
4235	2.921
4236	2.946
4237	2.918
4238	2.881
4239	2.865
4240	2.895
4241	2.917
4242	2.918
4243	2.906
4244	2.921
4245	2.893
4246	2.867
4247	2.880
4248	2.953
4249	2.971
4250	2.948
4251	2.953
4252	2.960
4253	2.981
4254	2.939
4255	2.947
4256	2.961
4257	2.965
4258	2.991
4259	3.004
4260	3.010
4261	3.012
4262	2.964
4263	2.918
4264	2.929
4265	2.947
4266	2.949
4267	2.946
4268	2.937
4269	2.939
4270	2.951
4271	2.932
4272	2.899
4273	2.895
4274	2.963
4275	2.947
4276	2.950
4277	2.978
4278	2.991
4279	3.000
4280	2.980
4281	2.933
4282	2.933
4283	2.957
4284	2.974
4285	2.992
4286	3.002
4287	2.996
4288	3.014
4289	2.997
4290	2.992
4291	3.011
4292	2.981
4293	2.964
4294	2.948
4295	2.936
4296	2.962
4297	2.997
4298	3.005
4299	2.979
4300	2.967
4301	2.959
4302	2.982
4303	3.009
4304	2.970
4305	2.970
4306	2.954
4307	2.939
4308	2.967
4309	2.996
4310	3.018
4311	3.024
4312	3.011
4313	3.003
4314	2.985
4315	2.981
4316	3.013
4317	3.025
4318	2.966
4319	2.922
4320	2.958
4321	2.942
4322	2.911
4323	2.910
4324	2.923
4325	2.928
4326	2.919
4327	2.923
4328	2.900
4329	2.924
4330	2.935
4331	2.958
4332	2.987
4333	2.956
4334	2.952
4335	2.952
4336	2.932
4337	2.925
4338	2.921
4339	2.925
4340	2.943
4341	2.941
4342	2.946
4343	2.978
4344	3.000
4345	2.975
4346	2.977
4347	2.989
4348	2.984
4349	2.970
4350	2.942
4351	2.920
4352	2.934
4353	2.935
4354	2.929
4355	2.951
4356	2.947
4357	2.921
4358	2.917
4359	2.937
4360	2.917
4361	2.926
4362	2.941
4363	2.949
4364	2.928
4365	2.907
4366	2.889
4367	2.921
4368	2.938
4369	2.927
4370	2.921
4371	2.914
4372	2.895
4373	2.894
4374	2.927
4375	2.931
4376	2.928
4377	2.895
4378	2.870
4379	2.876
4380	2.911
4381	2.908
4382	2.922
4383	2.924
4384	2.921
4385	2.964
4386	2.995
4387	2.980
4388	2.998
4389	2.999
4390	2.979
4391	2.996
4392	3.036
4393	3.022
4394	2.993
4395	3.034
4396	3.037
4397	2.987
4398	2.977
4399	2.985
4400	2.978
4401	2.969
4402	2.958
4403	2.968
4404	3.003
4405	3.024
4406	3.030
4407	3.064
4408	3.067
4409	3.055
4410	3.074
4411	3.079
4412	3.089
4413	3.088
4414	3.113
4415	3.097
4416	3.061
4417	3.060
4418	3.049
4419	3.020
4420	2.991
4421	2.951
4422	2.937
4423	2.936
4424	2.969
4425	2.987
4426	2.993
4427	2.991
4428	2.990
4429	2.986
4430	3.007
4431	3.044
4432	3.043
4433	3.041
4434	3.036
4435	3.037
4436	3.015
4437	2.977
4438	2.967
4439	2.981
4440	3.017
4441	3.011
4442	2.992
4443	2.979
4444	3.004
4445	3.014
4446	2.976
4447	2.955
4448	2.986
4449	2.998
4450	2.996
4451	3.009
4452	3.016
4453	3.042
4454	3.043
4455	3.039
4456	3.013
4457	3.010
4458	3.048
4459	3.049
4460	3.062
4461	3.079
4462	3.080
4463	3.067
4464	3.048
4465	3.048
4466	3.018
4467	3.021
4468	3.054
4469	3.033
4470	3.013
4471	3.014
4472	3.011
4473	3.030
4474	3.062
4475	3.060
4476	3.071
4477	3.049
4478	3.071
4479	3.065
4480	3.071
4481	3.094
4482	3.092
4483	3.074
4484	3.083
4485	3.103
4486	3.076
4487	3.031
4488	3.024
4489	3.057
4490	3.081
4491	3.082
4492	3.050
4493	3.053
4494	3.057
4495	3.063
4496	3.086
4497	3.085
4498	3.083
4499	3.080
4500	3.065
4501	3.043
4502	3.024
4503	3.020
4504	3.034
4505	3.062
4506	3.111
4507	3.127
4508	3.121
4509	3.126
4510	3.157
4511	3.146
4512	3.135
4513	3.125
4514	3.114
4515	3.100
4516	3.098
4517	3.108
4518	3.061
4519	3.027
4520	3.034
4521	3.016
4522	3.027
4523	3.065
4524	3.074
4525	3.062
4526	3.044
4527	3.036
4528	3.033
4529	3.023
4530	3.013
4531	3.017
4532	3.032
4533	3.036
4534	3.049
4535	3.067
4536	3.015
4537	3.001
4538	3.034
4539	3.073
4540	3.067
4541	3.060
4542	3.050
4543	3.032
4544	3.054
4545	3.048
4546	3.035
4547	3.056
4548	3.052
4549	3.052
4550	3.058
4551	3.062
4552	3.053
4553	3.014
4554	3.014
4555	3.000
4556	3.001
4557	3.024
4558	3.038
4559	3.026
4560	3.023
4561	3.005
4562	3.037
4563	3.040
4564	3.041
4565	3.057
4566	3.058
4567	3.046
4568	3.026
4569	3.016
4570	3.067
4571	3.093
4572	3.076
4573	3.026
4574	3.013
4575	3.034
4576	3.053
4577	3.057
4578	3.062
4579	3.053
4580	3.048
4581	3.041
4582	3.042
4583	3.030
4584	3.019
4585	3.019
4586	3.041
4587	3.093
4588	3.102
4589	3.058
4590	3.053
4591	3.040
4592	3.016
4593	3.017
4594	3.026
4595	3.040
4596	3.038
4597	3.055
4598	3.065
4599	3.055
4600	3.070
4601	3.067
4602	3.028
4603	3.026
4604	3.040
4605	3.058
4606	3.063
4607	3.067
4608	3.074
4609	3.061
4610	3.023
4611	3.027
4612	3.062
4613	3.069
4614	3.031
4615	3.024
4616	3.032
4617	3.052
4618	3.037
4619	3.025
4620	3.033
4621	3.053
4622	3.073
4623	3.074
4624	3.050
4625	3.061
4626	3.078
4627	3.082
4628	3.078
4629	3.093
4630	3.095
4631	3.084
4632	3.054
4633	3.051
4634	3.086
4635	3.106
4636	3.103
4637	3.065
4638	3.046
4639	3.077
4640	3.116
4641	3.098
4642	3.075
4643	3.037
4644	3.029
4645	3.030
4646	3.043
4647	3.069
4648	3.064
4649	3.057
4650	3.077
4651	3.085
4652	3.113
4653	3.123
4654	3.129
4655	3.132
4656	3.122
4657	3.133
4658	3.125
4659	3.090
4660	3.084
4661	3.091
4662	3.099
4663	3.101
4664	3.117
4665	3.121
4666	3.120
4667	3.118
4668	3.127
4669	3.121
4670	3.097
4671	3.048
4672	3.006
4673	3.042
4674	3.076
4675	3.061
4676	3.028
4677	3.029
4678	3.083
4679	3.099
4680	3.089
4681	3.059
4682	3.042
4683	3.057
4684	3.093
4685	3.110
4686	3.103
4687	3.111
4688	3.110
4689	3.090
4690	3.085
4691	3.082
4692	3.095
4693	3.119
4694	3.132
4695	3.114
4696	3.139
4697	3.185
4698	3.192
4699	3.183
4700	3.174
4701	3.157
4702	3.166
4703	3.179
4704	3.175
4705	3.165
4706	3.122
4707	3.110
4708	3.132
4709	3.140
4710	3.146
4711	3.144
4712	3.152
4713	3.153
4714	3.124
4715	3.121
4716	3.144
4717	3.112
4718	3.118
4719	3.139
4720	3.138
4721	3.142
4722	3.149
4723	3.121
4724	3.124
4725	3.135
4726	3.138
4727	3.145
4728	3.176
4729	3.166
4730	3.207
4731	3.220
4732	3.188
4733	3.183
4734	3.208
4735	3.207
4736	3.235
4737	3.231
4738	3.222
4739	3.187
4740	3.188
4741	3.185
4742	3.181
4743	3.200
4744	3.210
4745	3.205
4746	3.193
4747	3.165
4748	3.168
4749	3.170
4750	3.160
4751	3.142
4752	3.138
4753	3.154
4754	3.201
4755	3.205
4756	3.204
4757	3.241
4758	3.250
4759	3.212
4760	3.171
4761	3.175
4762	3.198
4763	3.190
4764	3.173
4765	3.153
4766	3.172
4767	3.170
4768	3.173
4769	3.133
4770	3.084
4771	3.113
4772	3.127
4773	3.135
4774	3.140
4775	3.140
4776	3.153
4777	3.168
4778	3.145
4779	3.159
4780	3.141
4781	3.150
4782	3.175
4783	3.225
4784	3.238
4785	3.202
4786	3.203
4787	3.214
4788	3.235
4789	3.225
4790	3.203
4791	3.216
4792	3.192
4793	3.160
4794	3.177
4795	3.177
4796	3.189
4797	3.230
4798	3.266
4799	3.280
4800	3.281
4801	3.283
4802	3.277
4803	3.244
4804	3.211
4805	3.199
4806	3.190
4807	3.227
4808	3.236
4809	3.245
4810	3.250
4811	3.256
4812	3.236
4813	3.202
4814	3.175
4815	3.185
4816	3.196
4817	3.208
4818	3.219
4819	3.217
4820	3.180
4821	3.187
4822	3.188
4823	3.176
4824	3.167
4825	3.182
4826	3.204
4827	3.186
4828	3.208
4829	3.245
4830	3.222
4831	3.220
4832	3.249
4833	3.223
4834	3.201
4835	3.206
4836	3.195
4837	3.203
4838	3.225
4839	3.229
4840	3.241
4841	3.250
4842	3.227
4843	3.186
4844	3.160
4845	3.175
4846	3.187
4847	3.197
4848	3.213
4849	3.242
4850	3.241
4851	3.249
4852	3.280
4853	3.265
4854	3.259
4855	3.311
4856	3.307
4857	3.275
4858	3.273
4859	3.284
4860	3.278
4861	3.257
4862	3.252
4863	3.242
4864	3.244
4865	3.249
4866	3.231
4867	3.246
4868	3.293
4869	3.271
4870	3.265
4871	3.269
4872	3.257
4873	3.236
4874	3.235
4875	3.248
4876	3.217
4877	3.228
4878	3.228
4879	3.189
4880	3.204
4881	3.239
4882	3.279
4883	3.293
4884	3.271
4885	3.290
4886	3.284
4887	3.251
4888	3.231
4889	3.261
4890	3.273
4891	3.259
4892	3.257
4893	3.233
4894	3.239
4895	3.214
4896	3.213
4897	3.266
4898	3.317
4899	3.296
4900	3.267
4901	3.298
4902	3.278
4903	3.318
4904	3.295
4905	3.289
4906	3.305
4907	3.299
4908	3.263
4909	3.210
4910	3.219
4911	3.223
4912	3.226
4913	3.261
4914	3.275
4915	3.294
4916	3.303
4917	3.291
4918	3.288
4919	3.288
4920	3.293
4921	3.321
4922	3.368
4923	3.392
4924	3.387
4925	3.365
4926	3.323
4927	3.301
4928	3.308
4929	3.328
4930	3.333
4931	3.323
4932	3.322
4933	3.335
4934	3.350
4935	3.361
4936	3.341
4937	3.302
4938	3.317
4939	3.345
4940	3.337
4941	3.316
4942	3.269
4943	3.276
4944	3.264
4945	3.270
4946	3.292
4947	3.304
4948	3.333
4949	3.322
4950	3.336
4951	3.315
4952	3.267
4953	3.302
4954	3.346
4955	3.367
4956	3.346
4957	3.341
4958	3.361
4959	3.335
4960	3.313
4961	3.304
4962	3.326
4963	3.354
4964	3.381
4965	3.421
4966	3.429
4967	3.426
4968	3.414
4969	3.413
4970	3.396
4971	3.387
4972	3.413
4973	3.407
4974	3.410
4975	3.417
4976	3.436
